0.689113
0.678899
0.677793
0.674132
0.669750
0.667032
0.665348
0.663502
0.662407
0.661403
0.660642
0.660398
0.660439
0.659993
0.659891
0.659820
0.659770
0.659344
0.659262
0.659181
0.659202
0.659161
0.659181
0.659161
0.659181
0.659161
0.659181
0.659171
0.518409
0.509717
0.524434
0.528400
0.536372
0.541160
0.544872
0.547752
0.549598
0.551809
0.552915
0.553676
0.554568
0.555217
0.555380
0.555664
0.555907
0.556211
0.556272
0.556394
0.556353
0.556333
0.556374
0.556374
0.556374
0.556353
0.556353
0.556353
0.556353
0.556353
0.556353
0.556374
0.556374
0.556374
0.556374
0.556374
0.556374
0.556374
0.556374
0.556374
0.556374
0.556374
0.556374
0.556374
0.556374
0.556374
0.556374
0.556374
0.556374
0.556374
0.556374
0.556374
0.556374
0.556374
0.556374
0.556364
0.556394
0.556374
0.556384
0.556374
0.556364
0.556384
0.556374
0.556374
0.556374
0.556374
0.556394
0.487423
0.568444
0.595322
0.596702
0.576862
0.582745
0.566963
0.576497
0.583901
0.581021
0.582806
0.575321
0.567835
0.594186
0.587390
0.592685
0.603660
0.592218
0.599481
0.586498
0.575026
0.579925
0.578779
0.584905
0.593425
0.586214
0.581416
0.591164
0.581041
0.569884
0.571831
0.571050
0.561658
0.572795
0.574377
0.565756
0.574022
0.581396
0.576680
0.577025
0.581224
0.578444
0.583820
0.581528
0.581406
0.580311
0.577978
0.577136
0.576081
0.576558
0.575229
0.578333
0.545825
0.648126
0.680015
0.684092
0.675643
0.670217
0.684843
0.666951
0.651432
0.674517
0.673584
0.660885
0.686820
0.639423
0.635183
0.663025
0.637486
0.669588
0.642486
0.638186
0.651047
0.648876
0.658877
0.666089
0.665855
0.666667
0.680694
0.680562
0.675491
0.698180
0.675978
0.663360
0.664587
0.668675
0.666606
0.655794
0.664131
0.647913
0.650813
0.641005
0.637476
0.668584
0.674375
0.674355
0.671931
0.669578
0.669720
0.668056
0.667245
0.666646
0.667032
0.668908
0.667519
0.667458
0.667387
0.663735
0.664790
0.665845
0.666687
0.665916
0.665216
0.662660
0.666089
0.663066
0.670856
0.661788
0.672154
0.667914
0.670105
0.678311
0.665683
0.683260
0.663188
0.659506
0.660865
0.673706
0.654374
0.660480
0.660581
0.655023
0.658339
0.656585
0.655408
0.654343
0.655489
0.656027
0.656230
0.655418
0.654911
0.654434
0.653461
0.654181
0.651341
0.619430
0.627184
0.599050
0.609580
0.589265
0.568165
0.560957
0.562192
0.557919
0.569037
0.552023
0.552424
0.552034
0.561477
0.561962
0.557810
0.560850
0.555715
0.542473
0.547231
0.553126
0.556166
0.566041
0.559148
0.547170
0.539031
0.543969
0.554085
0.548574
0.543799
0.544187
0.541333
0.547732
0.542808
0.553398
0.562503
0.553778
0.556198
0.544525
0.550831
0.543952
0.556846
0.542585
0.547275
0.558540
0.560062
0.552867
0.544990
0.536020
0.540982
0.539705
0.543782
0.541769
0.536804
0.544941
0.531440
0.541347
0.541272
0.538405
0.534877
0.544091
0.528545
0.537171
0.530100
0.540155
0.528834
0.540807
0.534281
0.521117
0.552679
0.541107
0.531331
0.522659
0.530734
0.530865
0.540777
0.540829
0.531001
0.534543
0.540997
0.538504
0.528385
0.521463
0.530404
0.547328
0.527569
0.533769
0.524028
0.532263
0.522792
0.523630
0.524423
0.549040
0.541625
0.529659
0.534711
0.524818
0.518638
0.532740
0.669371
0.628155
0.642762
0.640608
0.638822
0.635125
0.640358
0.629641
0.620994
0.628990
0.619842
0.619274
0.612964
0.610327
0.606520
0.609943
0.596638
0.599726
0.603365
0.605803
0.607439
0.604918
0.602831
0.592598
0.588825
0.597389
0.593884
0.592415
0.597840
0.604233
0.595152
0.593934
0.597172
0.596872
0.588475
0.590728
0.592540
0.590320
0.588934
0.590044
0.590770
0.587415
0.586614
0.589902
0.590879
0.591154
0.590478
0.590228
0.591597
0.591705
0.591271
0.589885
0.589093
0.587874
0.587098
0.587982
0.588158
0.588099
0.587665
0.587048
0.587841
0.560284
0.586879
0.556738
0.554965
0.563830
0.565603
0.554965
0.558511
0.558511
0.570922
0.576241
0.583333
0.588652
0.595745
0.595745
0.595745
0.604610
0.604610
0.602837
0.592199
0.586879
0.583333
0.583333
0.574468
0.576241
0.553191
0.540780
0.508865
0.498227
0.503546
0.515957
0.514184
0.512411
0.496454
0.491135
0.494681
0.507092
0.512411
0.512411
0.519504
0.512411
0.514184
0.510638
0.515957
0.512411
0.523050
0.524823
0.524823
0.524823
0.528369
0.528369
0.528369
0.528369
0.526596
0.528369
0.528369
0.528369
0.528369
0.528369
0.528369
0.528369
0.524823
0.524823
0.523050
0.530142
0.533688
0.530142
0.533688
0.531915
0.528369
0.524823
0.526596
0.528369
0.528369
0.526596
0.528369
0.528369
0.528369
0.530142
0.531915
0.531915
0.531915
0.531915
0.531915
0.531915
0.528369
0.528369
0.531915
0.531915
0.531915
0.528369
0.528369
0.531915
0.531915
0.531915
0.528369
0.531915
0.531915
0.526596
0.530142
0.471631
0.517730
0.485816
0.459220
0.432624
0.418440
0.432624
0.450355
0.468085
0.466312
0.473404
0.485816
0.500000
0.508865
0.512411
0.517730
0.519504
0.531915
0.535461
0.539007
0.535461
0.537234
0.535461
0.540780
0.546099
0.547872
0.551418
0.556738
0.554965
0.556738
0.551418
0.551418
0.541667
0.526596
0.525709
0.528369
0.528369
0.533688
0.531028
0.534574
0.501773
0.508865
0.512411
0.517730
0.540780
0.554965
0.570922
0.602837
0.580674
0.583333
0.581560
0.592199
0.597518
0.592199
0.599291
0.601064
0.604610
0.608156
0.606383
0.587766
0.588652
0.591312
0.595745
0.594858
0.594858
0.598404
0.600177
0.601064
0.601064
0.600177
0.600177
0.600177
0.601950
0.601950
0.601950
0.601950
0.601950
0.601950
0.601950
0.601950
0.601950
0.601950
0.601950
0.603723
0.603723
0.603723
0.603723
0.603723
0.605496
0.605496
0.605496
0.605496
0.605496
0.605496
0.605496
0.603723
0.604610
0.604610
0.604610
0.604610
0.570922
0.576241
0.530142
0.507092
0.485816
0.468085
0.468085
0.469858
0.455674
0.441489
0.430851
0.432624
0.439716
0.436170
0.437943
0.443262
0.445922
0.444149
0.441489
0.455674
0.460993
0.468085
0.468085
0.466312
0.469858
0.468972
0.471631
0.474291
0.480496
0.485816
0.484043
0.484929
0.485816
0.492021
0.497340
0.500000
0.505319
0.505319
0.507979
0.510638
0.513298
0.513298
0.513298
0.513298
0.515957
0.518617
0.518617
0.518617
0.521277
0.521277
0.521277
0.521277
0.521277
0.523936
0.522163
0.522163
0.522163
0.522163
0.522163
0.522163
0.524823
0.524823
0.524823
0.524823
0.524823
0.524823
0.524823
0.524823
0.524823
0.524823
0.524823
0.524823
0.524823
0.524823
0.524823
0.524823
0.524823
0.524823
0.524823
0.524823
0.524823
0.524823
0.524823
0.524823
0.524823
0.524823
0.524823
0.524823
0.524823
0.524823
0.524823
0.524823
0.524823
0.524823
0.524823
0.526596
0.526596
0.526596
0.526596
0.526596
0.636525
0.414894
0.404255
0.469858
0.505319
0.521277
0.503546
0.507092
0.549645
0.595745
0.625887
0.627660
0.620567
0.650709
0.634752
0.632979
0.627660
0.622340
0.621454
0.635638
0.618794
0.623227
0.578014
0.576241
0.576241
0.551418
0.529255
0.533688
0.536348
0.554965
0.569149
0.581560
0.574468
0.578014
0.585106
0.593972
0.539007
0.558511
0.553191
0.684397
0.703901
0.707447
0.675532
0.647163
0.638298
0.640071
0.634752
0.641844
0.638298
0.638298
0.631206
0.618794
0.625887
0.632092
0.633865
0.635638
0.637411
0.647163
0.648050
0.651596
0.657801
0.658688
0.662234
0.659574
0.662234
0.662234
0.661348
0.658688
0.658688
0.656915
0.656915
0.659574
0.671986
0.676418
0.647163
0.601950
0.593972
0.579787
0.577128
0.579787
0.574468
0.572695
0.574468
0.578901
0.580674
0.584220
0.589539
0.591312
0.591312
0.594858
0.594858
0.595745
0.596631
0.598404
0.598404
0.599291
0.569149
0.574468
0.578014
0.576241
0.429016
0.616232
0.628768
0.618520
0.586933
0.595461
0.604548
0.605984
0.595727
0.595683
0.599832
0.560665
0.596587
0.607172
0.613395
0.614335
0.610151
0.599725
0.606197
0.612367
0.594601
0.579512
0.602119
0.596879
0.634619
0.605895
0.625470
0.620239
0.614300
0.635195
0.601037
0.609973
0.617535
0.604601
0.604814
0.585195
0.585284
0.580195
0.582216
0.583732
0.585098
0.588422
0.585842
0.583617
0.586676
0.579459
0.577943
0.580115
0.579645
0.584885
0.581037
0.561888
0.561924
0.574885
0.571959
0.552021
0.585204
0.581348
0.577332
0.573156
0.572793
0.577190
0.589947
0.552863
0.572633
0.545816
0.567332
0.542934
0.554105
0.530115
0.572234
0.568537
0.566073
0.563617
0.569096
0.573254
0.555683
0.561436
0.556543
0.550647
0.552926
0.554911
0.551941
0.553112
0.550984
0.550230
0.551596
0.442491
0.619051
0.579477
0.547544
0.560683
0.570470
0.558218
0.550940
0.546835
0.554246
0.565931
0.564317
0.561268
0.556232
0.570683
0.570691
0.561055
0.579087
0.560355
0.544965
0.554433
0.544894
0.547766
0.549858
0.536711
0.555833
0.557438
0.543626
0.552367
0.561250
0.560133
0.572881
0.566037
0.557438
0.564770
0.549512
0.555647
0.559672
0.565434
0.550949
0.563741
0.564592
0.555638
0.554105
0.552748
0.551977
0.550949
0.551099
0.549397
0.548821
0.549415
0.546055
0.547119
0.547615
0.541871
0.545319
0.544140
0.545878
0.546356
0.545177
0.543901
0.544105
0.543422
0.543112
0.542598
0.543511
0.544637
0.542748
0.544317
0.542518
0.543723
0.542482
0.543094
0.541959
0.541020
0.539920
0.539761
0.538661
0.534805
0.537066
0.540913
0.542048
0.541658
0.538972
0.537447
0.536117
0.534504
0.535833
0.533652
0.536995
0.526543
0.554113
0.513839
0.536578
0.498945
0.558324
0.564840
0.547775
0.545177
0.528324
0.543608
0.565718
0.585239
0.598936
0.609459
0.614264
0.617598
0.616888
0.616640
0.614973
0.613998
0.614512
0.613803
0.612190
0.612695
0.611516
0.610523
0.609885
0.608945
0.607207
0.606303
0.605115
0.604193
0.603041
0.601693
0.599956
0.598892
0.598289
0.597899
0.598750
0.596383
0.597491
0.597314
0.596817
0.595700
0.594424
0.595027
0.593094
0.592970
0.592917
0.592039
0.594353
0.592562
0.462473
0.482225
0.515009
0.520488
0.513998
0.524158
0.533378
0.554282
0.571215
0.581871
0.597119
0.609672
0.619441
0.626410
0.627988
0.633874
0.632580
0.632562
0.633706
0.633005
0.630754
0.627385
0.627562
0.623271
0.621906
0.622190
0.624034
0.619530
0.618112
0.613856
0.620913
0.621658
0.620239
0.615824
0.613644
0.618644
0.614459
0.617509
0.615718
0.612456
0.608112
0.605257
0.612225
0.563413
0.557332
0.532899
0.539672
0.525168
0.546667
0.542757
0.549025
0.534707
0.523360
0.550293
0.563422
0.555931
0.589105
0.608138
0.550780
0.534867
0.538564
0.501959
0.547518
0.564574
0.556020
0.534530
0.515612
0.511676
0.504601
0.490080
0.527917
0.490346
0.521800
0.513067
0.495168
0.502509
0.516959
0.546791
0.568520
0.565842
0.566543
0.494140
0.547686
0.509583
0.514282
0.511401
0.549371
0.494371
0.536090
0.494814
0.525532
0.518785
0.512340
0.552438
0.540789
0.538502
0.542482
0.523590
0.529982
0.498865
0.505027
0.522988
0.531525
0.541622
0.503679
0.514220
0.527801
0.506215
0.525824
0.533271
0.545009
0.524566
0.649069
0.611924
0.597544
0.569388
0.558289
0.590310
0.566498
0.550700
0.557473
0.577004
0.564512
0.552332
0.542030
0.556401
0.420401
0.424002
0.554216
0.430048
0.426432
0.577132
0.467808
0.497048
0.527519
0.509507
0.514306
0.465363
0.669764
0.557039
0.596747
0.480567
0.450879
0.492524
0.547482
0.373599
0.474755
0.461942
0.500728
0.464577
0.477051
0.541072
0.436837
0.511549
0.565041
0.497060
0.457049
0.417456
0.514051
0.474227
0.458722
0.439994
0.497918
0.545298
0.448796
0.410366
0.455637
0.434365
0.494349
0.459682
0.500934
0.505247
0.489423
0.461979
0.397211
0.497331
0.496745
0.464938
0.520908
0.505997
0.520153
0.562537
0.510424
0.426604
0.524176
0.513112
0.590434
0.587952
0.567615
0.432952
0.529051
0.521179
0.549796
0.529034
0.565718
0.515700
0.550098
0.557261
0.509911
0.552172
0.472447
0.495186
0.488732
0.513520
0.537988
0.561817
0.527083
0.509991
0.552544
0.571764
0.578209
0.545709
0.581427
0.550887
0.575904
0.555319
0.562207
0.548812
0.552544
0.539504
0.553910
0.533254
0.520266
0.543404
0.577367
0.564229
0.569707
0.570328
0.549725
0.557819
0.533652
0.536826
0.527784
0.546232
0.537278
0.570399
0.551693
0.500000
0.500000
0.500000
0.500000
0.499468
0.500000
0.499113
0.519149
0.518262
0.534929
0.524645
0.500000
0.500000
0.509043
0.516312
0.509574
0.508865
0.493085
0.542376
0.518262
0.515071
0.525000
0.508333
0.523537
0.563236
0.555771
0.563555
0.543307
0.493271
0.511941
0.480372
0.474477
0.463537
0.567686
0.613910
0.618785
0.593218
0.575949
0.608484
0.606020
0.588023
0.574672
0.582491
0.597881
0.584601
0.581924
0.586126
0.588280
0.585222
0.593342
0.596941
0.602172
0.598484
0.588883
0.590301
0.588209
0.588582
0.587172
0.589956
0.587048
0.568191
0.586551
0.597863
0.575266
0.573688
0.578103
0.573998
0.577234
0.571995
0.575230
0.556640
0.561995
0.600275
0.580559
0.589282
0.606507
0.590975
0.594087
0.591693
0.595124
0.598856
0.587996
0.588449
0.590426
0.593254
0.588582
0.584149
0.583165
0.583262
0.590372
0.587863
0.584654
0.600257
0.597323
0.558608
0.563236
0.563741
0.574282
0.570567
0.574645
0.556436
0.521312
0.547695
0.561356
0.570576
0.541445
0.551507
0.563413
0.524734
0.549122
0.538360
0.534778
0.537544
0.543457
0.545789
0.533706
0.524335
0.520842
0.538431
0.541746
0.550922
0.561605
0.553112
0.555301
0.542181
0.552101
0.562296
0.565789
0.554016
0.539885
0.525363
0.541268
0.536241
0.622668
0.598094
0.581197
0.556835
0.576250
0.585346
0.567172
0.563475
0.588041
0.568679
0.538094
0.518218
0.540496
0.540754
0.537030
0.635436
0.897077
0.970279
0.987379
0.993204
0.995186
0.996247
0.997249
0.996492
0.641869
0.638679
0.617424
0.592384
0.560991
0.593544
0.566850
0.567001
0.566703
0.529786
0.541387
0.539959
0.591373
0.647265
0.677775
0.688847
0.693180
0.692514
0.690814
0.689761
0.688020
0.686380
0.685700
0.686846
0.644200
0.660315
0.665459
0.667138
0.667939
0.667520
0.666878
0.664959
0.663721
0.532812
0.553159
0.572404
0.597674
0.500000
0.500000
0.670451
0.654082
0.621141
0.609699
0.618743
0.576261
0.586488
0.558524
0.649013
0.516313
0.579037
0.644613
0.674076
0.679933
0.683295
0.683261
0.682884
0.681789
0.680249
0.679025
0.676200
0.675577
0.674708
0.671792
0.671740
0.670610
0.671358
0.667997
0.665705
0.665249
0.634158
0.682726
0.684247
0.680593
0.580260
0.588168
0.593682
0.597965
0.601001
0.603925
0.606482
0.418783
0.409932
0.403783
0.399800
0.390625
0.403646
0.424479
0.437500
0.450521
0.458333
0.473958
0.489583
0.494792
0.500000
0.500000
0.497396
0.500000
0.507812
0.505208
0.505208
0.507812
0.505208
0.505208
0.502604
0.505208
0.513021
0.520833
0.526042
0.533854
0.536458
0.539062
0.544271
0.539062
0.544271
0.544271
0.536458
0.531250
0.531250
0.526042
0.520833
0.520833
0.518229
0.518229
0.515625
0.515625
0.515625
0.515625
0.515625
0.510417
0.515625
0.513021
0.548832
0.549621
0.549695
0.550737
0.550379
0.550926
0.549516
0.547747
0.545074
0.544547
0.544263
0.543305
0.542379
0.541263
0.540779
0.539684
0.538421
0.538568
0.538326
0.538316
0.538632
0.539032
0.538379
0.537874
0.538084
0.537768
0.537305
0.537389
0.537200
0.537811
0.538084
0.538926
0.540105
0.540800
0.543726
0.545284
0.546274
0.548168
0.549895
0.551389
0.553432
0.555305
0.556989
0.558295
0.560316
0.561874
0.563326
0.564589
0.565242
0.566295
0.566400
0.566779
0.567537
0.568316
0.569137
0.571074
0.572316
0.573411
0.573895
0.575347
0.576705
0.578337
0.580505
0.582526
0.584653
0.587284
0.588947
0.590505
0.592316
0.594653
0.596337
0.597853
0.599558
0.601158
0.602863
0.605032
0.606779
0.608611
0.610779
0.612800
0.614947
0.617368
0.619705
0.621705
0.623747
0.625642
0.627663
0.629874
0.632589
0.634653
0.636568
0.638821
0.544547
0.712253
0.721600
0.702232
0.715663
0.675747
0.685874
0.674432
0.686926
0.666274
0.681221
0.691495
0.655347
0.707895
0.678274
0.690505
0.679326
0.681358
0.689874
0.685032
0.688653
0.693358
0.701411
0.664674
0.657684
0.682842
0.697074
0.687116
0.685642
0.686484
0.691021
0.686274
0.532989
0.631842
0.617726
0.607263
0.592758
0.627811
0.593326
0.616105
0.615263
0.602632
0.593979
0.597200
0.604095
0.606368
0.600947
0.649516
0.612589
0.587958
0.612905
0.615105
0.581853
0.603979
0.616305
0.613021
0.558105
0.613979
0.609663
0.606653
0.598568
0.616326
0.616958
0.612474
0.510224
0.586569
0.600647
0.572937
0.569468
0.575168
0.587208
0.591843
0.579956
0.578536
0.596265
0.595555
0.595251
0.596712
0.592817
0.592624
0.595353
0.587279
0.583181
0.598842
0.589186
0.582938
0.514423
0.622403
0.606773
0.622211
0.614502
0.614705
0.607767
0.605729
0.592502
0.599075
0.599197
0.599491
0.604126
0.602777
0.605962
0.603974
0.613518
0.612169
0.598862
0.592381
0.600414
0.606337
0.610445
0.601377
0.597087
0.590159
0.593273
0.599805
0.602513
0.604643
0.601408
0.598395
0.597259
0.597645
0.596854
0.598984
0.600312
0.601408
0.601428
0.598497
0.597858
0.597219
0.598537
0.597604
0.596732
0.596144
0.594886
0.598943
0.608751
0.605495
0.602666
0.602260
0.604086
0.610557
0.611895
0.605637
0.638591
0.627820
0.621785
0.616206
0.630639
0.639504
0.629148
0.635609
0.621308
0.624959
0.624919
0.624341
0.613305
0.620801
0.616328
0.619989
0.620497
0.601459
0.596519
0.591833
0.590443
0.590636
0.585991
0.583780
0.583201
0.587776
0.585960
0.584561
0.582329
0.584317
0.588892
0.587908
0.589328
0.578231
0.582289
0.581903
0.585737
0.584581
0.576842
0.579449
0.577887
0.579428
0.583658
0.593050
0.608528
